4329
3374
1914
5789
2174
3965
2722
673
2985
1335
202
4056
437
8738
2574
5534
2035
2311
6740
1372
6584
600
2763
3520
6674
3306
4948
3493
6057
3922
7861
4926
7770
5634
5136
8717
2756
1909
6233
4946
3973
4676
4277
4358
2596
6980
7703
3942
568
7829
5512
4960
1333
3141
6694
2446
3463
7159
4455
5658
7303
8415
2097
8671
3801
1947
1707
997
5495
7364
5717
824
6776
3130
5637
1390
2477
1460
5740
1768
18
5661
4319
6828
6679
5319
536
7438
6114
1009
524
6415
1991
6684
2034
3666
5602
4089
2959
7197
6877
6950
825
6317
6067
3159
1548
8164
6921
4240
2794
877
6773
3531
4650
4950
3308
2522
247
4420
2726
8366
1144
8480
6899
4234
1470
8188
8163
104
3360
4036
3278
6015
480
5193
4148
6656
7132
1892
4916
8457
6534
1741
6302
3048
3478
1687
5880
3347
1722
7702
5853
1197
2054
5724
7420
1948
7252
6461
3305
3323
6398
6553
6709
3818
760
8162
1740
1642
3158
3244
1397
3250
7138
456
2558
6673
3132
1296
417
2554
7174
5121
7186
5551
131
6787
2026
7753
5153
4536
2600
5883
6968
4762
4699
3324
8313
6007
7716
443
6145
2363
440
1371
8464
4121
7523
4478
1900
3538
2440
5419
5162
6686
2986
7365
2487
4179
7040
4760
4363
256
8192
8546
2086
4318
6141
6103
122
2729
6034
3943
8078
2980
1523
2586
5684
1558
620
540
1568
1606
6111
7171
8560
1529
7058
6910
2468
3227
4498
7522
2270
8277
6509
5855
2025
2887
8354
5496
1112
1395
5126
6933
864
3807
8596
2919
1480
1194
1658
3462
6212
4721
7094
1628
3721
5479
1647
4053
8056
4438
6095
3188
888
5311
3852
3293
2429
4037
7011
7872
7416
4727
5856
529
2145
4126
1179
5780
8420
8736
2395
6623
191
3097
2534
1713
5808
451
3756
8087
1340
4526
2481
8590
2929
8499
2402
5584
7469
8185
2241
2373
8344
5504
5632
3982
3701
6668
2439
7183
3768
6055
2842
286
7674
2529
6129
477
8180
2101
3976
457
7112
95
1266
70
6500
7801
7307
5938
767
704
6424
3156
3953
1412
8176
5059
1201
8708
6308
243
1705
7526
5772
3553
2236
4839
2747
2962
4896
6394
1571
2854
2897
4186
7471
4830
6571
3294
3021
1053
3590
6254
5023
6513
3778
5430
2309
5471
1979
492
1005
1663
6384
4970
4789
5113
7143
4193
7796
8521
5963
7128
4812
2571
3835
7492
8531
4087
4779
5587
8463
7712
2376
1061
3236
8014
3763
5828
7828
4361
6617
7205
5817
167
3916
720
1718
8491
3866
4439
8116
7639
5842
1380
557
7414
6182
3364
6744
3279
1148
352
7827
226
3396
2109
6140
1696
7585
6998
4324
7642
1303
3194
2590
7484
7884
5578
5839
6306
4267
2500
4606
1360
7227
5135
6512
3584
2039
471
8326
6557
8425
8134
5259
5900
5603
730
7445
8569
1206
1108
654
6743
1316
4105
8582
8697
6310
4369
6976
2582
6102
5543
4122
7315
6649
4303
6559
7095
8144
2762
3511
2079
843
2452
7071
8198
7027
4014
3319
7332
4774
3751
561
3332
4862
8177
6107
8037
8750
2844
3951
689
2805
2160
334
2297
3007
2182
3574
8102
7512
4818
193
2036
5403
7336
6039
3034
999
3027
5240
4302
1485
2539
5946
5993
5936
3909
5178
2375
4513
3397
1924
8476
7479
5312
8571
7598
5386
3625
2516
8204
8048
8127
7352
544
8641
3779
5627
7866
497
6309
353
7931
2129
7081
2826
433
8063
5588
2933
7566
6716
3641
489
6436
3309
7038
6142
6817
1764
1581
3032
3424
4194
4678
8306
6157
5822
6762
8084
7474
5454
2512
3648
8516
8469
4372
6156
5589
2437
5545
3408
1760
4810
5645
1893
4229
1241
3665
6032
379
1546
945
4634
1708
4182
1106
7616
6520
7368
4736
312
2789
844
1668
1920
1538
6205
8125
3789
416
8252
1364
7562
5315
507
8353
7992
7287
6361
5280
4745
2113
3177
1299
8647
3370
6750
4597
3328
2159
3193
8691
7113
1387
3427
3285
5165
8350
6378
7231
473
3992
6958
4055
4493
2179
819
6884
4943
3713
7905
905
809
5164
1226
2449
6597
2720
2568
4382
4490
3587
4912
113
4990
287
3153
1739
4749
2333
1259
1135
4281
3402
1649
5466
468
6079
382
1661
7853
5018
3299
5662
148
4713
2793
5535
1712
5983
1756
3614
3506
204
8676
3248
5352
2974
741
5245
3287
745
4661
2498
1502
8228
8064
2497
1966
5877
8683
6766
3974
3298
5493
4261
8537
1345
8628
3197
3557
8745
773
3127
2490
1156
1277
6646
214
2752
3865
7257
3229
44
8212
8455
4707
6169
5101
8304
6702
6207
8606
7601
6795
4488
6505
5103
3480
7615
1336
519
2694
1826
1168
1257
6388
1788
2074
196
6992
7754
3037
2293
6637
8159
4415
5010
7118
8399
4070
5447
2505
6561
6048
3307
977
4459
2433
2982
461
5366
8698
8687
7109
8036
8058
4152
4963
5248
6174
4979
4984
5236
1774
4103
5671
5716
3117
8615
1032
1877
1002
4549
2381
5083
6748
1605
5902
4800
7300
102
6538
41
2937
7017
1603
3400
3859
2078
5220
6712
2968
6213
6641
8362
881
7991
3999
2654
6139
6327
6120
3903
6788
2130
6204
6449
4109
589
8012
1509
1816
411
6352
755
3497
1394
1883
5698
4722
7411
3723
225
4500
3667
5532
509
5969
1515
3979
5459
6390
5347
855
4139
2062
3833
5991
7249
6545
314
4144
8226
6433
5453
1952
664
7919
3208
3600
1856
3001
4585
3656
4759
1928
8668
2696
1725
3945
2649
758
8502
7216
6718
2277
4007
3340
1932
6429
2689
2911
1849
7320
2913
2553
3843
7636
2598
57
347
7448
1315
7832
6060
4922
6756
511
5754
4145
1121
1622
1563
4128
7462
5060
6367
1281
1927
197
7780
8017
194
752
7074
1011
5455
7547
7281
8625
4199
3231
109
3944
5056
6635
3905
2692
5160
6554
1537
40
3405
180
8197
2769
5190
6706
5336
470
861
82
4626
983
1564
547
7594
5228
2736
5719
7366
3033
2845
2193
3637
341
367
5980
957
7993
2735
124
1613
4679
8364
4850
3267
3479
7296
2944
6457
6777
4576
4921
4605
545
7906
1239
5699
7417
5848
1944
6368
513
144
7392
71
8402
530
8398
7150
4958
3798
4911
5885
7750
3718
3500
5593
1007
1508
7577
4080
5598
4290
123
3103
3341
3830
1309
2181
151
331
527
1866
3961
3093
2588
3442
5477
6134
8589
2040
227
7539
8391
5260
7854
7825
3747
7769
116
3959
3316
3461
4904
2405
6864
449
2733
6127
6476
1750
200
5094
1134
139
6851
7194
6185
1450
691
1672
3832
4929
4814
801
4266
6519
8494
6527
1602
7480
7649
1897
6298
7347
84
7916
3962
4772
5893
1803
3417
1701
1086
1738
6956
5288
4875
7401
478
2161
5411
2486
975
7684
5345
1203
8242
1599
3418
8090
4900
4980
342
901
5072
7318
8161
1015
3029
4574
2422
4609
4582
5042
2775
8576
6058
7729
1617
5711
3233
8389
6839
228
6849
526
563
5933
6675
6601
2823
157
7193
2666
6077
7584
587
5401
2151
5308
6314
6530
7764
969
8239
6784
7520
5501
1610
6769
592
5594
8465
8665
1747
6355
3884
2269
4452
2391
6948
2632
7511
1306
4038
4924
6602
1363
7592
502
181
3957
4568
1886
2641
572
3172
7284
5203
7285
8503
2137
1720
4742
4230
5549
68
6732
7678
5179
5237
2427
2695
5998
8284
4245
15
8286
6295
6473
2434
8388
2031
8378
8053
868
8411
2562
1666
3245
4024
1428
4790
3939
7005
6369
7236
1361
5858
32
6705
6578
1710
3195
3796
1540
3336
8262
4680
2111
385
8069
972
2891
8542
1116
6238
5541
1780
783
8517
6281
5002
8035
2307
4220
3498
577
4305
4001
8223
2893
108
4659
756
6759
8481
7765
6019
1045
5937
16
6915
182
705
7908
8651
7037
7389
2022
7135
7450
915
6827
7687
798
6013
2313
5151
3222
3440
5418
8622
1189
7329
8421
4550
5691
3698
3840
4675
6831
2001
7488
4393
142
8272
4172
3726
911
5268
6703
666
7047
1449
6781
3416
5825
8021
6490
1357
6726
483
3315
700
5784
891
2922
4588
6994
5070
3213
1858
6417
325
8727
7719
1271
3581
5595
7245
5221
4399
4541
8347
3201
3108
1138
6863
6194
5965
6613
8074
260
3937
6322
713
4248
1823
8392
980
3268
8217
7630
3546
2430
7881
2213
4728
2192
4531
375
1452
3078
4695
2543
8307
6962
8681
963
5398
7217
1401
7975
4925
199
959
1430
1724
1799
7131
3627
5809
6616
1373
4826
680
1504
4913
5350
2150
7538
8500
4212
1213
3376
7869
2847
7425
7191
4120
110
5891
216
1463
1383
5694
5760
266
3815
8309
1107
4210
1890
5290
145
350
8214
1175
8642
1926
6609
5445
4971
4666
2916
2110
423
209
8290
4252
2399
4479
234
2785
4431
5970
2550
1800
7970
6608
8445
6339
6833
586
3363
2953
6438
7977
5931
7218
6066
7224
4187
1349
7381
7322
4836
2148
1624
6665
6234
2374
8227
4572
6779
4335
8175
8086
4798
7936
5639
2425
3873
271
3940
6040
5243
2169
5901
635
1860
6870
6689
7434
4842
5510
2464
8089
6155
8054
3907
6265
3069
2667
6560
8093
8443
7098
3068
8580
619
3445
5402
7940
5049
3984
4805
5612
64
4592
2892
1444
7808
7614
5992
2162
383
2907
2005
6511
339
5917
1283
4322
4677
8583
5943
6896
5745
1677
7593
8358
5729
2859
5913
5213
7847
4427
5428
1484
1157
4768
4373
7455
3239
1648
7833
7129
8172
3131
7745
8200
4429
278
1322
7706
2737
8042
5157
692
6555
2305
2197
59
7185
2352
3757
6598
7213
682
3737
2894
6659
1570
5326
5615
2441
4507
1808
6746
3603
521
576
3098
6687
5266
7013
5171
6272
2861
6728
5811
3541
3988
6622
1260
2231
3754
8195
8302
6042
5882
7429
49
6020
3
5054
2049
6973
6177
8711
3109
3729
7670
5609
4467
6603
3712
7759
4714
4482
8387
724
5375
1177
3190
5864
648
7696
874
588
1447
6128
2336
7864
1482
990
3948
4525
4860
1494
6098
4042
119
4622
6881
5945
7310
4138
4974
7321
674
8028
2884
249
5567
4106
5899
3650
3547
2028
1553
2703
7093
2300
754
7270
4263
3337
7552
73
3214
7331
8365
4108
8520
6730
5651
7596
1218
1433
1851
8174
3272
582
6397
5090
7724
6783
4176
6259
2342
6283
4753
6963
5693
1183
4859
5867
5024
5295
8371
4715
1337
4796
7694
8167
2114
2602
3350
8760
5097
3955
6818
3148
7076
501
13
4845
8273
6768
5666
6220
7173
974
8653
6893
3061
4947
1010
3216
7817
1653
2517
6742
1751
2460
2831
25
5071
6837
1275
7
1963
2322
3993
3224
3291
591
3847
6630
2725
7437
6297
8567
105
6046
6261
4437
2858
2180
332
4068
6693
4143
5068
3494
3452
4414
1573
89
4763
8677
4711
2384
7344
1047
7938
7472
786
3401
1072
7358
4491
1298
920
8478
233
4837
7654
1501
1471
3985
3837
1457
1328
3928
5095
6380
184
7643
1807
413
1834
1459
6431
3379
7457
8137
2462
2365
5467
6263
805
5621
1119
2782
3087
3488
8752
7663
3668
6365
5513
5274
925
5652
1699
3196
291
5563
7057
3154
111
5538
1255
5476
8719
2603
4856
585
4384
8734
2499
6386
2905
3386
5701
388
5249
6214
4091
4528
2967
1142
80
5437
810
7748
1062
503
6711
5317
4623
4298
5149
5801
3938
1066
6700
2087
5185
1793
2158
3472
8685
1216
3688
3277
5247
3302
5316
8283
4264
7157
3368
1505
8208
85
3186
4496
875
4705
1817
7246
1957
6885
2549
4689
3079
1775
899
1955
1898
5325
135
8649
1551
6045
1374
7424
7572
5968
7676
3094
4278
4886
2066
836
2257
8579
4124
3265
7983
8006
1006
7069
4584
7485
6041
5813
7120
8310
2081
1732
1028
274
976
1597
2674
4509
735
7164
2637
4901
8513
1221
4520
8515
3091
7152
8720
8073
8281
5131
2324
378
5527
6162
7627
7447
5014
4996
8468
1911
1304
6618
3522
7948
1527
3487
2071
6462
5644
8133
5564
1802
6854
2832
2485
8148
7715
3147
3411
650
377
5494
7195
1942
4456
1141
138
6891
2281
5434
7946
5461
8613
2960
5417
567
2797
6876
6475
6379
1279
8329
7000
3509
3687
8314
6580
6152
7349
3534
4470
621
4991
3926
120
1585
2675
4502
7982
7328
5497
4443
8565
1441
1420
2124
643
1611
5994
7634
7644
5468
162
6124
5008
2050
7870
7178
5622
5376
6518
7105
2951
1559
3693
1583
8215
7261
3791
3238
8435
2332
272
4820
1904
3670
2629
6330
5863
246
8008
6842
4696
8222
6000
578
7006
3786
3931
5173
5715
5393
5452
5950
1843
1249
5878
1406
56
3628
6404
2424
5916
2164
7723
7697
5677
2801
956
183
1804
8097
1811
1432
5435
5460
99
1411
6936
3794
6434
3165
2983
6988
4344
8157
6284
6393
4998
293
992
8055
7944
6895
3882
7151
6714
5515
552
6577
4985
6927
1632
7677
2601
4474
2328
3050
338
5432
3062
8258
1615
6502
7343
8504
4071
6720
8100
4217
3898
627
6372
2057
1338
5982
4630
168
4932
3357
3125
1566
46
928
3707
6951
2432
2874
8505
5697
2655
5730
7952
2233
4940
3964
708
3322
2275
316
6319
1637
3532
4561
8609
954
2528
2368
5458
8011
5895
2409
7053
3711
386
6575
2094
2428
88
7108
5996
2930
1230
26
6955
4976
3178
5015
2665
8115
3904
6347
8456
3647
5841
8666
2276
3203
5404
7443
6701
1324
8485
2557
1522
2431
3550
4575
1443
5304
3679
4914
1382
4287
8709
6655
7501
5381
426
1749
1878
3549
432
4739
6605
2401
7379
4871
2155
7210
776
7610
2177
8381
8429
7918
2127
7275
8637
1244
4648
7530
6242
1088
238
6326
3536
3767
2679
6972
1917
2616
2012
854
3616
290
8674
1500
6581
4063
2764
6323
1591
130
404
784
5433
6607
4111
5971
3709
6444
8688
4518
2551
8216
4157
1319
1678
3562
1159
4870
5803
3877
7559
7959
8051
4354
3413
5209
3289
4559
3095
759
1552
2072
2
1859
1503
2218
5747
4409
7885
5836
6159
282
5546
6905
6845
5029
1325
4718
5599
8541
7910
777
2007
8254
8700
2289
7760
8552
4059
3325
3831
1467
1547
87
790
8670
5212
8682
4644
2488
5746
515
6222
2196
6542
1456
244
2688
2949
4154
2047
645
6082
7507
2478
3565
7351
2380
6952
6995
995
1621
8080
2394
6257
7951
61
7553
1778
966
3963
7736
7667
7050
7378
1223
5795
1037
500
2625
8690
172
6696
1323
1278
7192
1936
8236
2921
7247
2839
5052
4411
6385
3607
4664
8693
4797
51
3457
2849
787
743
1925
3535
3331
4426
1091
8154
3205
328
3129
7313
8586
5196
3881
1276
1721
5055
889
2021
4273
6974
8363
953
4166
7679
4407
3620
1155
418
761
8330
6629
203
623
79
3902
769
2015
1114
5607
1865
4078
1186
6953
8018
280
770
1691
1101
2178
4783
5092
2734
3100
4209
8194
4062
2931
903
7781
5616
6719
1023
5251
5141
7055
4758
772
6754
6338
2999
947
4269
6069
1763
37
8712
3771
2014
7831
6290
1921
1174
5670
6410
8462
6200
2912
1243
8741
2680
3871
8278
7779
7204
5276
930
4581
6847
6806
1268
4746
6468
1781
2310
5749
2918
5296
3761
4458
6979
4355
7235
4751
6399
7172
1950
4794
1461
143
8604
4283
4447
6574
8713
5069
7004
8603
1013
4454
7490
1596
345
636
5659
1075
3460
8150
2146
2613
107
3617
7988
1938
261
6576
7188
1626
5078
6199
4632
3160
4665
5242
94
2731
8702
8269
4299
2133
2404
1487
1822
7248
4694
2479
1095
8339
4867
1284
6997
7025
663
324
292
8452
2341
8108
6590
6625
4185
5665
5987
593
6005
5261
2920
7976
8422
8142
1830
7767
3225
5981
3826
5553
714
2205
2658
2661
4523
4927
814
3053
5726
7372
1686
81
1409
2852
3353
2295
5989
6549
7330
6879
6091
8104
8528
4242
3805
882
245
669
405
8473
5483
2325
7263
1027
4258
6084
7476
5948
5263
2583
6359
5309
6337
723
6904
7914
4832
5997
803
7301
1770
2274
5211
1105
7034
8532
2358
5722
7978
736
5731
5199
6761
1495
6474
1716
862
1736
2042
3451
4149
1405
8092
5640
1103
5824
7502
2246
766
6418
2509
6798
6961
412
6068
7369
5127
48
34
1292
5646
3697
5847
3797
8230
8577
1422
2058
5601
2214
6775
1733
2153
221
3317
2362
909
3738
5776
8383
4146
2010
6516
6021
3813
8166
7279
1520
3042
173
2217
6724
8749
2017
7617
6966
321
7757
6105
8729
1458
4895
1022
7791
938
3189
5021
991
5130
817
3774
7226
2798
7893
1102
5481
5272
4192
3720
4787
6101
7819
311
1400
2759
8373
5490
6307
3740
6593
4034
5148
3157
8413
1689
2994
2957
4044
902
6861
1567
276
4161
476
4806
4933
8575
1887
4593
1879
1391
996
3202
4489
5802
4300
3700
1024
2866
7099
3008
6423
6074
4236
1205
8626
296
2288
2991
2073
7812
716
7647
3292
7721
4410
3184
7413
5692
926
1132
4334
1425
3691
3592
7928
5065
369
7220
7073
4698
8587
2400
4567
5088
5394
1446
4100
1130
7291
6012
1
6501
8673
4641
147
2760
5214
4791
6642
2860
8178
7590
7941
5591
797
8610
2122
6844
5792
7899
1798
2024
2622
4907
8152
4260
6340
6558
4219
6305
2514
4013
1574
154
7818
327
1518
3829
1077
262
361
1783
2458
7846
8117
373
8171
2604
4211
7903
4640
2895
4171
5133
3664
4285
5630
4202
5407
878
410
4195
2864
4224
3355
4590
5530
3987
8547
2889
4379
5189
6494
4881
4317
2272
8141
8079
6016
1976
6479
8219
8540
6405
4101
2787
1128
2506
1497
5303
1734
5619
8173
7309
5109
3481
4989
633
5834
8210
7072
6028
2817
4160
7725
7822
3259
2128
482
2140
6567
29
2904
22
6874
4692
1673
5979
7575
4587
8338
8733
4903
1042
7096
7180
8343
7807
8574
4476
7875
4854
3152
939
6463
7935
6081
177
1517
1723
3820
4931
7163
2779
4
2208
6121
533
3206
4627
5533
8016
5960
7930
4653
8710
2518
4551
3588
4535
5826
7673
8408
3972
4687
3675
6814
67
7823
4906
4416
1549
7169
281
7444
3362
1857
7274
2808
6499
686
6852
7272
7852
7117
5875
6273
7927
6376
8617
898
4029
4208
4430
3381
4840
7440
351
1161
3932
4847
2947
3254
3861
6763
2454
4752
8103
7883
6387
681
229
601
7535
160
6886
5349
5633
3891
8062
2349
4873
176
8291
91
4645
5110
8282
5195
5112
1962
1961
5638
7067
5751
3415
1352
7404
7029
2707
3419
8311
2465
4235
7009
6791
615
866
1150
3894
5978
315
5275
678
1801
569
2055
8386
6125
6753
3762
5218
1445
1662
2115
6025
5700
1030
8143
6202
4381
2407
1496
3893
8703
6176
4405
6409
7288
5108
4928
7699
4328
3971
2135
8096
5708
7830
2656
5044
8294
1862
7412
7821
1479
2121
5449
2738
175
5208
7497
3575
257
7835
8160
7587
896
4366
3274
6293
2998
8550
6713
6239
8369
2319
733
5485
8657
574
7704
6926
679
2802
5082
7942
4343
6697
2056
8274
1625
6237
2090
6370
1903
5734
1191
4132
4517
6765
914
5648
1498
5687
3454
2678
6987
2210
2226
1067
3270
150
871
5922
8723
1659
6002
2383
127
2587
6633
8325
6938
2979
6707
5003
3004
1078
6736
2206
573
5940
335
5395
6333
6450
445
2259
1994
1251
6887
6412
5818
5613
1965
5837
8118
7141
5278
1472
7920
1786
2624
3030
2917
907
4484
4135
7966
19
4972
6825
7391
1492
2321
7954
624
3572
4887
6978
7740
5861
7605
8340
1990
3545
5360
6506
2537
1167
8765
4084
2684
4228
4775
5823
5544
7354
6441
2972
808
402
3660
5790
6271
3710
6583
7800
7897
8403
6366
3076
4786
6804
3275
2748
3980
3513
7514
1035
4465
904
3640
7042
4213
2099
2645
3731
7422
1408
2973
3455
5914
860
7020
8608
2242
4368
5235
2443
3551
7435
171
3783
579
4917
8094
45
4654
2653
2987
4464
7475
7876
7467
6083
4314
5985
6301
3631
7735
5206
558
3543
2185
640
5129
126
2706
3491
1618
8355
4025
3134
7470
354
2484
5301
2809
3223
1187
8751
8091
1465
6006
2870
5816
2398
3055
3096
5600
8046
6929
8374
5857
5106
7898
4579
1595
4289
1295
1773
5889
2581
5681
6770
8206
1059
6158
6408
2355
288
6094
7353
4275
729
7960
7841
6594
6136
1358
4822
4072
4706
4765
5273
3059
295
7859
7836
1782
3175
8396
2878
3394
5426
7083
425
3422
7362
4147
3529
6652
2578
3669
863
7387
4191
30
6556
2203
6565
8448
393
6346
8754
8525
788
2668
4392
4136
7014
8592
2083
6206
2106
5456
7189
3367
2117
5239
7427
7299
8182
1050
1580
464
6413
4986
1314
2795
8033
7308
2544
4566
7857
984
1825
1417
2739
7622
8732
2659
6857
3373
2299
4487
3772
6151
4792
6810
1202
4196
6793
3844
4031
7563
906
1431
4825
8556
5064
2224
1703
3990
5351
3220
279
6466
8618
6138
7655
1301
2898
3211
298
6946
2253
2345
7016
2009
4802
6611
5079
2521
8293
4944
7873
4207
1321
6487
6667
8424
8511
1910
1353
7334
1044
5197
5163
4026
532
5011
5081
1143
4301
6640
4961
7926
2104
5944
3758
6872
6010
2796
4547
1838
3736
4442
7241
4919
6351
4965
3024
6573
8113
7259
5735
7314
6786
6614
6269
4954
3825
7293
3564
7250
6639
3558
6858
831
1029
7335
8652
8356
2261
4043
2806
8385
1706
1587
6137
192
5399
2838
4376
3995
3271
3263
6464
2092
6219
1592
2298
4785
6747
918
3542
7548
3028
5604
7637
2523
6235
5986
3334
4828
6130
2216
7126
835
7337
3212
2828
5377
3438
599
6403
6824
8220
8232
7158
3072
4770
818
4615
2745
217
595
5709
6802
6725
2141
7778
6197
4321
5852
3594
1171
2186
3446
3661
8624
8446
1709
6023
7355
2337
5380
1967
4463
6975
7995
4331
4555
8297
8427
2843
4835
2063
728
6116
2909
543
4276
7945
2812
6426
2926
4162
858
7688
890
5451
8296
3018
2915
1285
3525
6292
6959
3453
6692
2098
7900
3630
2867
6682
1690
5846
546
3296
1854
1204
1404
1629
7516
1016
8138
2836
2494
1714
6096
3610
4397
6029
5122
4364
4400
2693
1586
3989
8695
3339
2992
8730
6088
5506
725
5356
3199
4938
7324
2396
4841
3933
8675
198
3015
8377
17
4330
5793
2065
2413
8548
1873
1845
4347
7701
7826
2411
2753
6133
2593
190
7890
3101
8259
4134
3838
5104
4908
3377
1872
883
1609
4048
494
768
802
4286
1041
4497
1676
4480
3041
4239
4385
575
2016
5475
8234
7415
435
8268
6524
4761
2243
6807
5169
2595
8588
6809
1398
5025
7155
2698
6072
399
467
4164
4097
6638
7339
4740
6208
7924
4968
3949
2294
7816
1861
8409
913
5739
222
5725
1488
6150
6841
4546
4819
6908
2303
2082
5017
1247
5742
6774
6325
5859
7338
6131
0
6525
7167
6432
8190
7052
6153
6894
7075
7207
2037
5118
5048
1831
4655
3508
4852
1835
2347
4857
1819
1880
7510
7782
7964
6595
1550
4598
8593
912
2076
206
8722
7582
986
6738
8490
5832
4131
5167
3561
6514
8518
1922
3476
4118
5508
3827
2635
47
223
6540
6767
8761
6037
3436
5929
1576
2627
2770
2718
4419
1973
7915
6517
2710
8077
390
8438
2869
2819
5672
2126
1385
3576
2743
3914
917
2314
6830
7848
3045
8318
8186
7232
6154
7949
7139
1287
6278
6407
7084
8661
1805
8441
3635
8529
1999
8255
1978
8022
6539
2978
7986
3604
8705
4501
118
8643
5582
5469
4243
8292
742
4638
2778
2330
3286
8129
4095
3732
1704
5032
652
3458
3860
5219
2975
8367
542
463
683
3264
4356
5441
1727
6568
1958
3484
5327
8482
6008
8522
1869
3941
7317
1641
6937
7080
5548
3338
5624
380
3002
8699
6856
8614
3912
6296
3663
1464
8328
698
7399
4596
5358
3489
39
187
6451
3105
3486
389
4902
3025
1744
1280
2772
5342
7609
1190
6536
4093
5503
5457
4743
408
7436
8299
7896
1212
6164
8151
1870
4466
4169
6996
3705
4949
4067
5896
307
4129
3192
368
3888
610
2023
2740
7746
7031
8404
5788
364
2751
4801
4793
8549
1354
4256
3822
4647
850
4868
4725
2245
4125
656
5478
3356
2932
1652
4872
5368
1627
4077
870
5233
5762
6270
859
3431
8418
2211
8083
4942
8405
5016
4494
5915
3886
2070
7452
3115
3639
4353
948
395
161
5286
392
5785
2095
7985
4380
3003
4981
1384
6902
4589
7070
1074
7176
4855
156
4178
1350
4259
2942
4015
4201
1096
5874
4365
3734
2382
8454
5660
534
1368
2507
4123
5951
841
6853
2556
4310
4446
2038
33
146
7979
2639
5975
5568
4657
6808
4189
3140
8510
3514
4338
4876
3552
1060
8650
8704
7795
6357
1715
7044
6454
38
8266
5229
1448
8555
8147
662
7650
8654
7054
6332
8561
2807
1640
1125
6911
442
3384
5815
3126
981
6878
1593
7768
7950
8514
7874
6469
3799
2408
2134
8524
2714
3444
2515
1829
2910
4704
4352
8218
6636
7683
1048
3856
7374
7798
1483
7608
5277
6181
8221
3897
1821
2811
6274
4843
3180
3314
3428
2125
8645
6266
208
4982
6448
3310
465
8123
5201
1228
1543
2447
4514
7323
7258
2264
2754
5849
8631
4537
6092
2315
3065
4190
60
8395
3253
4265
7423
3823
1787
6869
5566
2856
3084
3471
2255
7426
6350
1833
4993
8334
1083
3883
72
6392
5869
6406
2204
1693
1844
7430
1755
1334
4485
6871
224
6741
4733
2118
1339
2820
8241
6160
1454
3654
6035
7304
7844
250
1014
5570
4137
3802
6172
5039
7567
5797
6335
5046
270
2043
5727
7494
5984
4620
7147
8211
7021
3304
4151
2548
537
6698
5964
4603
6722
4231
3968
8474
5537
7578
1539
5006
3414
7880
2628
7101
5389
1100
1867
804
4027
6061
5926
2482
2767
165
4776
4445
3892
403
6683
2715
7008
8237
7278
1178
3301
2256
1410
6001
3875
3977
4660
2163
3366
5145
5710
6579
4580
4748
4629
1214
1225
3395
921
8724
4434
8107
3753
6258
2262
2671
7463
3179
5132
548
2619
2112
1211
8716
8536
641
6832
6422
7265
1578
8271
5420
1416
5346
985
8023
4233
4113
284
3234
8265
7891
7302
1930
3889
8692
6758
7996
3171
4663
8312
4817
4435
8101
5480
6217
1238
504
8483
1853
2157
3809
6566
2156
365
5307
8557
3026
7561
5712
1514
3174
6645
746
4735
4006
8088
7666
5673
946
8235
671
5438
1399
5119
210
794
7481
3934
5723
717
8551
31
2955
8050
1258
8041
5372
8433
785
6785
5217
2306
7311
4424
3352
5689
4964
5910
829
438
7971
3556
1351
3533
253
5322
2768
6167
4481
6075
1318
5486
1393
2800
6508
857
2139
6715
164
7254
7506
603
3696
1332
7545
5695
830
3074
4473
2877
3102
5423
3391
8183
3437
8621
5741
394
10
885
2102
2871
555
6478
5361
2172
5942
7731
2750
726
8256
2617
2841
7316
7659
2712
1152
4833
852
5919
7708
1491
6496
3207
14
5383
5819
2412
7465
3099
1436
4827
2923
7312
2599
3991
3578
6439
1117
2642
6336
2757
827
6342
5912
594
2989
4311
6672
6834
6144
7554
487
5955
1453
8066
1068
1650
8444
8181
3915
8742
163
1792
1905
6945
6931
310
4017
8664
7142
5625
4032
8667
4612
5091
7184
231
2939
6862
1937
8187
7969
8145
5020
1797
458
5676
2183
6626
6288
6038
8718
1906
2928
8508
6356
479
2301
4878
7528
8359
213
7394
2215
7804
8039
4115
8689
2818
7803
6437
3929
5182
7273
159
5338
8393
4307
6619
5798
8747
5755
6223
718
6840
5385
4511
7613
4086
7786
5643
283
7732
3653
4782
7264
1533
1758
5446
7686
3495
5125
8558
7439
3235
3548
1376
6255
3776
349
8335
5320
753
1055
7383
1619
528
5860
6521
2120
688
3049
6236
1623
8106
1820
5892
5830
6430
4975
834
6401
775
2046
5364
8714
3704
8111
254
8759
2131
2448
7543
4206
5031
7198
4838
5027
7267
2685
7237
330
2492
8726
7638
7063
8495
3795
5463
7525
1700
2935
4390
989
3330
2572
5668
6599
6846
865
1273
892
5390
1660
611
7713
2227
3708
2605
2672
5821
2580
2138
2389
6427
1070
6526
6632
5972
613
3230
1093
7048
782
4757
7242
5073
3051
3383
4257
7957
359
5084
2292
1166
6341
4030
8497
1951
4340
1680
851
7923
3082
11
4877
5181
6063
4436
7340
195
3359
7377
1233
2008
5628
1600
4041
3016
6969
5686
8009
6967
2388
1643
6421
65
8132
6044
707
5575
7794
2312
3810
564
3284
4849
4225
1828
5526
431
7698
7256
6889
4682
6190
2222
2620
8003
5330
7720
6717
3435
4529
289
1466
1229
7714
6890
3864
5053
2003
8038
360
7742
7774
7234
944
7162
6984
2089
1288
3012
8001
7540
4952
454
2950
6148
8417
6562
631
4723
2154
523
8461
2228
6510
5995
240
967
5089
5099
5034
1367
2123
4237
4284
2840
4066
1342
92
6051
103
978
7495
6414
450
5871
6901
3559
7289
2002
474
5210
6733
6589
541
7202
3200
7498
4394
1272
5664
4188
5569
2538
684
2273
7219
5159
7453
5920
5782
3469
5868
4104
2346
5340
6710
5605
7901
1767
7446
7792
6628
7513
6173
6318
3858
1415
5142
2993
3447
4656
3168
1081
2592
8598
98
4327
581
7955
8563
7518
923
3161
5174
7850
447
7327
3209
7718
4174
6472
1683
8295
219
6782
8506
4923
8049
6529
6903
2268
6898
6192
5525
3517
6532
5177
8072
1008
5768
6033
5962
7773
3624
7851
6780
1745
8315
3605
1344
69
4614
7137
7646
1170
1090
3135
1123
7403
7170
2566
845
839
731
3138
7892
580
8025
7493
3459
987
2814
6246
7588
3645
4255
7165
6183
5098
638
3906
1748
8
779
7805
7342
5773
2502
3246
424
1355
3046
675
7895
2952
764
2244
1302
5897
7776
1657
3504
5
3739
8380
8285
6383
6631
7591
815
7624
396
2815
3975
4637
1069
7182
4483
2766
2323
2644
5707
4052
5690
3519
1784
8644
4378
5829
7319
3755
7212
20
4767
2681
3998
3724
8105
2279
6193
3300
5444
618
8467
3073
3393
2201
5770
1164
5231
3217
6957
7747
1198
8728
1087
1039
7333
485
3371
1110
780
4214
7632
5150
2370
2397
2651
1379
4413
6161
2302
6179
2873
4670
486
1695
1692
5752
5047
7925
3507
8156
2872
4816
1719
1941
8202
3596
712
2855
2152
7717
264
6090
5807
838
7937
8573
6106
3615
340
4440
3005
6073
2194
5223
6411
927
6960
4503
7695
4633
3746
7001
6229
4404
7934
2251
7958
2392
7077
252
4631
5547
1370
4003
6489
6313
7863
5357
6253
5890
7201
3145
1598
7756
3969
78
2941
5787
5074
3694
2577
1532
1149
2366
7734
1366
4545
1419
4402
7082
5484
3465
8370
7558
8199
4885
6917
3182
4184
7738
6919
1499
8535
7987
1954
965
2565
8081
6850
7691
6362
6621
6900
5057
5405
6944
7860
935
5522
3215
5007
7408
5443
2567
6688
4009
2149
933
3748
1614
2670
6240
1531
5335
833
4729
512
2280
1685
1759
36
8336
3518
5367
3682
6981
5030
239
3240
3540
5246
6003
1511
5158
7028
1899
3785
7277
4586
2711
1311
7726
7326
4227
1998
1346
5331
5289
185
942
366
2459
6504
5771
3706
6507
799
8121
5838
6324
5431
1694
8030
2810
2555
2853
8597
950
703
7228
2420
7855
3954
201
2825
1234
7907
7989
7556
3204
3064
3651
5786
7887
4755
6093
7060
4183
6731
2119
8110
86
7015
3526
2716
3273
5298
5284
4613
5783
5019
5300
7629
2908
6280
895
696
5227
5927
4398
5939
301
4453
3426
4150
4377
5961
4769
3925
5769
3678
8564
3088
3466
1262
2069
8612
8043
5188
1140
5642
3351
566
6843
3591
1717
3781
220
7842
1473
7834
4851
1636
5516
8357
2990
3218
5531
3080
2669
1985
4717
4022
5184
2387
6294
5520
1455
2573
6059
1645
8205
6880
5759
1115
4869
5333
5583
2742
7685
2699
7888
5080
2721
3241
5953
2495
5840
5581
8601
1601
5051
7961
8611
6364
2020
2061
2958
6582
6097
6175
3449
7370
3560
1369
518
8122
4039
8170
2466
2202
6428
1388
5678
8352
4268
7560
8322
4583
693
3176
7233
8010
101
3155
7115
7902
4890
8114
7569
2899
734
6772
846
7790
7091
4544
8594
3676
6244
8755
715
1085
837
2209
2948
3643
2525
6030
749
872
6648
8165
3191
8155
5192
3112
7534
2195
8203
7635
2018
2419
8376
702
8261
5412
4799
1521
8140
3075
4530
2914
1868
4019
6909
7772
5194
242
2673
5683
4879
5028
6349
2790
622
1901
3580
800
8015
2833
4102
642
5629
3144
2717
4428
3187
4642
1969
5866
1330
8243
630
6587
8124
7737
7345
5597
7838
8059
269
5391
8477
6586
8568
609
381
2220
3895
4643
1731
1882
348
8128
6241
4635
6171
5283
3554
6671
677
8629
77
5216
7621
8595
4527
5706
3106
3320
6360
5844
7665
8245
660
6440
1850
1992
4628
3760
6321
3056
5714
3251
2189
2903
7837
6836
5077
6821
7911
1219
5990
789
876
1468
6551
7104
7692
140
2348
4388
7367
4336
137
97
3369
6419
4359
54
6897
3996
7519
8253
6186
7589
6435
7106
495
6215
3735
4142
1791
74
1237
556
1895
5166
6031
3378
52
397
6651
608
277
7010
481
5257
6907
1507
4000
7581
8382
1386
2885
1378
3775
4018
7361
8126
2108
6467
5610
5362
4510
4090
2013
4667
8538
1884
2702
1607
1248
7555
3420
4744
4784
7843
7398
132
1195
1812
4608
374
3390
2563
3036
1664
2623
7672
807
3817
8572
4200
2946
6165
7079
2943
5314
7658
3819
3118
8067
2634
4522
6047
8209
1675
4951
1987
7280
5924
1556
1735
7680
2483
2727
1711
3927
1777
7889
5500
7576
1541
596
323
4939
4955
5518
3089
2199
7813
1560
4387
8342
7537
6920
6064
5297
6036
1665
7221
1989
3181
1098
4341
7460
6168
3380
4607
6600
3793
1182
2463
1846
1974
3879
4406
1506
3083
2456
8013
7421
3410
5704
2611
4296
3122
5499
7283
2821
384
4060
8135
3499
5560
5128
6009
4846
7154
499
2254
2461
3387
1810
4270
5799
7136
2472
1940
2626
6250
4898
4730
2612
4719
1918
2369
7294
1147
462
7384
6811
1919
8316
8619
362
2004
6256
5761
5505
8196
8762
275
4865
826
551
1688
1971
8486
5037
3434
5408
263
924
1544
2258
1270
2835
3773
5904
1881
3107
4357
3474
7375
5517
3792
7503
186
28
8766
1043
4332
6187
4401
1462
971
2848
5353
1089
4417
8287
5592
7664
3077
3092
6699
7603
3067
8361
6018
5255
1109
1474
3349
6934
259
3867
565
7984
4433
522
5737
6395
8620
6203
598
4737
1785
24
2084
3243
178
2524
8246
3787
7051
472
4619
7570
7496
7298
1080
3714
455
3649
4180
744
4004
7597
5872
1682
5572
952
3619
8250
7064
7486
1227
7168
4691
1656
8471
4486
505
919
4621
639
7820
5765
4326
5949
7783
670
4880
7652
2027
1789
5440
7410
3857
7810
5750
3406
3060
4962
3727
1254
3917
1094
1795
1809
5035
3010
5973
8384
961
6086
8740
8276
4116
7276
5966
6279
2513
3812
968
6447
8231
6985
7348
2945
5354
2142
93
4693
5921
4771
2473
6875
8530
3659
1929
7763
2136
55
2032
2650
6024
1151
1513
781
5482
7604
710
6191
6666
3503
3321
5232
5004
1437
1582
7464
4651
2416
2761
8057
1525
6663
2107
8639
3759
6188
2708
922
1579
2235
3834
6226
1099
4046
4295
4450
5253
3722
2331
2744
879
6866
4652
2444
75
306
7030
1526
7849
7045
297
1440
3423
6610
305
5923
4383
7595
7166
5343
732
484
8120
2338
6546
2353
1633
5329
3911
6913
5348
3333
1293
8098
42
6819
5580
7631
3869
5876
8623
7824
820
7110
1907
5226
7468
4350
5487
415
1986
7797
4807
7390
894
7068
2225
5703
4604
2221
7730
1655
1752
3924
2100
5373
3623
2837
647
5850
7187
8607
2379
6983
7089
7456
3110
4449
5542
7035
6681
2357
2240
7116
4591
2857
3930
7671
4005
5775
7386
8616
5774
2367
2438
1842
7739
8638
2285
2019
1575
6312
7431
2165
5679
5269
6515
8459
5536
2902
4475
2804
4367
3765
1418
2570
6801
8680
3918
6855
8149
4594
1698
4249
1131
5781
510
7565
6027
3863
5009
7487
3361
1670
5656
3382
1240
3430
2569
3612
6695
1562
7325
5738
4690
258
1984
5576
1210
7056
7602
6823
5152
4294
1396
3935
4780
8029
5909
1864
4731
4738
5370
2175
3887
8646
6727
5154
5636
5941
2520
4781
6334
897
5519
2713
3017
136
3890
2455
4611
5805
8763
4360
4175
4155
8153
7297
2451
6056
8447
3219
1331
2609
5022
8678
7419
4223
8002
7932
7681
4254
3880
7003
5845
8523
318
7418
7878
4096
3288
4170
6550
1630
1181
7092
2995
4569
7024
3057
3226
792
1054
973
5005
8658
8663
7388
4504
3689
4130
8414
7271
7917
4532
2969
1594
4602
4671
419
3281
370
7489
3303
7542
5959
8543
1097
3530
880
7549
4396
8684
3855
5509
5359
4894
4054
2304
6285
398
6657
4778
7341
7600
3745
4140
3221
737
189
7061
2527
4085
3824
4216
4081
1305
6488
1555
2561
6792
4732
2682
1308
8007
3425
5041
3146
2377
7357
793
1154
2030
3683
2191
1003
3821
1980
2614
869
6470
4218
7385
6231
1071
7229
2829
6014
8744
5884
7223
6662
4969
2786
1671
3804
8075
3404
3601
7580
490
7913
597
7230
2436
3326
5611
2006
3956
7947
5258
2372
4469
5137
4079
248
6677
7023
6654
4686
6282
1726
5334
2168
4724
6796
5254
7755
7972
232
337
4617
2765
4957
5903
5115
5396
1402
6800
4756
4848
1381
5250
4117
6835
4370
5033
6949
7943
1025
7550
7793
5202
1608
2052
6552
2326
4250
2834
1847
5810
2643
1326
1348
7912
8189
4244
1017
453
6760
3544
1057
6289
1490
4815
5241
7240
6391
1051
2822
4238
5571
3816
3686
6942
5262
2597
1026
604
4709
3354
6300
6789
4306
8034
5888
5873
7371
2533
7266
706
5013
1063
4519
3828
3022
4688
4538
8060
7153
6970
1939
8410
1646
7802
1836
4167
2961
1426
5224
5736
7356
8119
8630
2457
2378
4441
4505
531
7033
2846
5470
2618
5586
719
3646
5843
1414
3703
8019
7409
1004
1639
4023
7628
2339
5012
1757
3655
5767
2132
6348
8507
8602
7200
3170
4241
8442
1524
6026
212
7785
2044
2283
5321
2575
3260
8566
4337
6989
4701
629
6739
6533
3047
3038
3685
5562
1256
6914
265
4646
3136
2966
3000
5285
6377
1933
550
7693
285
7806
6400
5554
4977
8706
7282
1310
5565
6143
4203
2976
3327
5222
5498
7967
469
6483
7360
2249
3563
8439
2888
5954
8360
3662
2879
3636
5650
1365
3490
5879
4936
8416
2510
2421
5414
2686
655
8430
2631
2406
4468
1478
4935
8026
7606
3477
5956
676
8526
4253
6531
7376
4075
5669
4064
8349
2777
3167
6954
6089
3276
3579
3014
8406
1019
7145
7690
5371
6680
8545
2924
2343
8131
5299
6170
299
2075
8437
4448
8345
4222
2540
2585
343
1634
6480
358
1651
7620
302
3749
6685
5865
516
8600
1493
5175
3920
5696
8158
5608
7002
7607
5265
7669
4472
7529
363
1092
7727
6198
6022
4766
6320
849
7515
5382
6004
1975
2824
553
6459
8401
133
6122
2077
3058
3169
5207
356
3851
3198
166
4539
6935
6442
6943
4457
7306
554
2954
4288
8130
5474
8431
1534
3412
4674
1970
2890
5036
12
7036
2386
1176
5886
1981
4710
4221
5176
134
4391
8068
4094
7087
8599
3744
5102
6503
7574
7122
1953
391
8534
2467
1946
8267
6993
910
8247
4323
7799
7290
4495
1224
1766
7661
155
649
43
5040
3674
7929
5779
8701
1136
5702
3870
2350
313
8493
1196
8686
2746
5324
5854
7393
2610
230
1839
3071
7103
3163
1931
3063
4112
3247
436
7395
218
2863
3695
6690
1818
7127
3583
1207
4205
8407
2234
1313
7877
687
2335
1021
4226
5827
8040
4542
3040
3936
5252
427
7571
8627
4953
6563
1635
8375
1327
3429
4320
8662
3128
6374
2308
6303
7175
3609
4672
5556
3013
1589
3842
6425
8263
2535
1959
8707
1916
6964
6420
6132
6163
2334
5001
3638
1945
5894
7466
2984
7196
8027
8327
5907
1356
6627
5117
6316
5675
1481
1329
1263
3086
8275
7809
5062
6277
2758
7100
309
4313
8076
4421
6315
4158
8559
6456
7557
632
8303
1126
1855
1572
3983
6276
2799
1754
1476
7509
2970
149
8679
4165
3468
7405
5292
765
4312
5614
7208
8337
8095
7856
1046
6661
2690
6485
5271
3085
4578
8539
694
5806
7922
1056
3210
5424
5721
5374
7380
2865
1158
7700
4773
667
7858
1231
4937
8412
5928
2064
2327
3166
5557
4570
774
7199
539
2741
5302
8694
6465
428
4897
5561
2771
6344
3348
3173
7741
3054
2981
1300
4995
4282
4293
3599
7904
5796
2029
8472
1413
5293
8240
690
5851
2813
6859
6643
847
7963
506
8562
4107
3896
8487
2633
1542
5339
4683
6634
3684
336
6053
6486
7346
4754
3790
3149
4153
4866
7292
7682
5281
628
2351
7214
3020
466
308
7295
3782
2542
607
7181
2883
460
8372
2250
6523
2480
5172
7871
8301
559
3602
1236
2589
8533
8460
5116
5204
5267
4624
5579
3677
7505
8735
4618
7107
3800
4047
5144
6331
1451
617
5369
6218
8070
1252
4934
1421
1616
2096
1199
842
1935
1209
6676
5287
6708
5958
2876
2862
6358
8584
4177
7255
8024
5187
4181
625
1377
6382
2728
8112
2781
6109
2541
7761
644
4292
7845
4824
3569
8109
867
6918
3577
7839
2964
5649
6815
3769
5063
6564
1407
2660
170
3318
7473
7065
3421
5244
5812
3313
4697
3516
4716
2564
637
3766
153
3573
346
6078
3252
8453
2901
6604
5472
6826
4577
4098
8191
5764
4362
8390
1058
1439
8739
6119
4074
63
982
7432
2371
2093
6260
8233
7160
1730
2469
8737
62
448
4909
3237
1806
8052
2526
5465
4316
3986
4858
5558
5555
2320
908
3521
7728
932
4197
6184
1765
2237
3392
7815
7531
8207
3473
5422
3629
2229
668
5521
407
5061
6180
8397
1274
430
695
4884
8351
6363
7623
5911
2552
3031
1289
2792
7536
3439
3081
1762
8496
6112
751
251
7262
6070
1162
570
3283
5384
4639
1173
7125
7868
50
2875
2783
2531
6245
5756
2238
1477
7625
2190
5680
6794
5388
4988
215
4560
5264
8244
5026
5093
6704
6286
4595
6923
3515
6612
1852
4703
2282
6247
941
3011
4556
6925
2868
886
6940
1837
3950
5379
1267
1742
4156
4734
848
2880
2559
4918
7583
421
5906
7111
3464
6146
5450
7156
2896
7710
1001
5488
2700
4601
4600
4804
491
8746
1065
6650
3052
6052
6099
791
3537
8082
699
6813
7862
549
3885
5626
1250
3066
8449
5448
7225
3496
2560
778
5976
3407
8229
3715
6778
2776
3389
1871
3699
3523
1761
7090
7521
4516
6299
7190
5332
7675
6986
937
5748
6497
7980
3524
4959
4141
7407
2415
4346
4893
3120
2663
5833
4492
7867
5186
5114
2252
1033
538
1215
4983
2638
661
602
3633
5835
4016
884
5620
8498
3290
6941
8633
498
255
5270
8696
2470
4271
5397
8193
6416
5957
355
8634
1814
4127
3702
893
4863
4204
2965
6373
3672
3901
8757
6108
8527
4309
3448
6076
1038
429
2173
1427
129
2652
4823
1949
6458
7751
2934
121
1079
7894
7097
5415
900
1429
6541
7524
7402
1064
1185
7032
2271
23
4882
8501
1208
6343
7662
1908
7689
6660
1769
8725
8484
4540
6268
8289
562
1681
4625
6446
1031
1995
2732
6445
414
174
4891
8298
5256
8146
5429
8721
7500
6751
6947
1000
1554
2260
3261
496
8432
5282
4460
3009
8475
813
2971
8458
1934
3642
3632
1779
3035
5654
268
2291
3343
5043
4008
6829
811
5365
3398
7253
1265
5952
6080
4811
3433
4425
5705
6087
5492
3039
3716
3183
1111
4403
7268
7645
796
951
4035
2493
304
371
1145
955
3344
5318
2475
5743
3803
6749
5205
517
7933
1813
4997
2687
4599
7243
5075
205
3862
1915
5528
8578
3043
5230
6737
3121
4788
2147
7882
7921
5511
3019
7840
1012
4395
2166
114
3232
8071
739
2996
4565
7586
6928
3255
7660
5932
5540
7990
7998
6178
1153
616
3836
943
6588
2774
7130
6115
7499
6606
3947
8434
2105
1347
6803
2232
7483
4110
4348
2997
8488
4418
6443
1082
1644
1438
7771
6123
2676
8331
7451
738
1076
5999
2988
4747
273
8748
6460
2530
322
5294
5140
7626
795
5146
1120
6867
5577
5400
6287
5905
6189
5552
2053
5086
1557
5215
1794
2886
6569
4973
1885
6544
7997
2344
7396
7406
6822
4069
6104
4967
7459
401
7707
6375
5618
7086
8319
66
2248
3242
5392
6799
179
2418
8419
2423
4708
2940
4685
3124
1943
873
3958
6990
3151
1631
2474
8743
3742
2048
5655
3475
5234
2450
4813
2830
3618
605
1294
4477
5550
2356
7382
8753
6591
7363
76
5462
8260
3764
2080
8044
3777
1902
1172
4777
7477
4076
1972
5596
5076
3133
7133
4992
646
1434
1392
1475
6492
5585
4636
3375
8509
2000
1192
3528
3070
2936
2403
459
6522
2657
376
237
7400
2453
5685
1362
3634
8065
7148
5766
5191
6228
806
3555
740
6117
8061
2354
7544
5606
5170
1923
560
5058
294
4432
7146
8332
6221
7269
5887
5134
2594
3113
8428
7039
5524
6982
2691
8168
657
5323
3256
5674
5105
2773
2171
6402
3846
612
1264
8248
7134
3358
1180
5918
125
3743
7458
4308
816
3606
6922
7161
8324
7124
2719
4834
8470
8045
303
4057
1246
5341
6723
6491
5436
3162
3123
6647
7482
5777
3874
6100
2606
357
3365
6353
7012
1913
3137
4684
1956
8047
8585
8655
2636
7641
3730
3090
8300
6249
7968
2723
2827
3967
4412
3658
1217
7088
8341
5406
4750
8656
6860
2445
8635
2317
7965
6721
2188
4159
6452
7653
2784
3399
6999
6471
6329
8136
571
7078
1118
7203
6113
4163
4910
7551
1561
3142
1184
4515
3741
1996
3868
3952
6838
3403
2239
5778
4168
2390
5870
7640
8323
1261
6816
5306
962
8224
3780
929
8321
6892
1840
763
3342
4524
112
4512
2545
1297
5814
1960
8333
4987
5161
236
994
3970
5720
7215
3589
2359
7599
1073
8305
2187
1667
422
6225
3621
5123
4083
6196
5100
2963
4247
1536
8257
3385
3784
4444
7121
5387
8640
6757
4215
7085
3311
6328
8632
2648
2067
2576
721
3725
300
8764
6230
6664
3280
7743
5427
2361
4058
5682
3372
2701
1317
7026
856
5489
2630
2730
3345
2850
3850
747
8020
6670
5200
3570
4795
1486
2278
7504
3622
5337
4251
3854
1435
6195
6251
329
4720
2207
6729
8264
6264
169
7788
4809
4712
7049
6848
5523
7879
1875
748
211
2051
4945
8169
6017
3539
7286
326
4899
658
3586
4045
4423
4099
2230
7722
3297
5732
2491
5641
3839
1018
3597
2364
7546
4662
6752
6135
4874
2519
6493
1359
8756
584
1165
6771
2176
7441
1220
5305
1841
4461
940
3482
1620
7648
6585
5416
4831
5120
6481
6453
7974
7568
1912
5631
583
3719
8450
5758
2316
5791
2360
1896
267
2385
3849
4864
5647
7994
8512
21
1282
614
4521
1423
8519
1286
665
5410
8591
1728
5124
1702
6248
7762
812
6062
7865
4994
493
5087
4658
2501
3512
4821
7046
2435
3626
7442
3690
8570
4280
6354
1848
5066
6477
8139
4966
3409
6262
4571
970
2033
697
2489
7775
4610
6644
1222
1242
439
5623
5156
4726
606
4028
3282
535
6734
934
3913
7059
7709
8225
8213
8184
1510
2791
8605
3921
3845
2329
4702
100
8394
840
4021
6166
7114
5225
1034
7733
5713
2393
8466
446
7981
372
2247
1036
4375
5800
115
2476
1469
2956
1863
8451
1590
6820
8251
8032
2318
4888
4297
8715
8000
4829
5935
2265
3966
6050
1772
1569
1516
5653
6243
7789
4389
6085
979
8489
1577
5908
988
1888
2059
2511
2219
3717
5757
2882
2709
4508
6110
3485
2816
8400
4534
3876
3023
4764
5439
2508
1993
5667
3312
1815
2410
762
141
6495
3671
4020
5831
5291
3900
5657
1968
6210
4548
8492
3329
5898
1977
701
1565
7766
4232
83
4553
2263
7209
5744
4883
7211
2290
2788
2116
6535
2906
1737
3994
8672
8436
6971
4049
235
2755
3104
5473
4999
4668
3806
6147
1997
3692
7222
2284
709
7656
6805
2011
6977
2640
2198
4853
5988
6764
3568
3808
3960
6345
4408
7533
6620
5045
2212
5328
7909
4274
6011
1442
3567
1253
8440
7532
5934
7102
1729
8031
6882
207
5590
1129
6071
7018
5688
672
1983
4941
1669
3978
1245
3249
6498
6149
5111
420
8426
5096
2683
8660
2749
6043
4198
7619
3571
1874
7758
2068
3908
2496
333
3266
4051
508
659
1124
3673
5733
853
317
7705
1341
4133
6906
4558
8249
5529
5355
7449
3467
5363
8368
4262
823
2977
7564
2223
7022
1375
444
6455
441
2091
7657
2704
6624
5507
6371
475
8553
7140
4471
3595
7999
3613
6865
6389
4892
5763
96
7814
6232
320
6381
6883
3388
1020
6812
7633
5421
6678
6797
1052
3505
2503
6275
3788
2471
2267
1320
5238
5502
4451
3841
4681
1269
7206
4499
3919
7939
4543
4050
4246
7373
7777
2607
7305
6991
8270
7251
5198
7612
2184
7478
1988
4082
822
7611
2881
3585
6965
1746
90
2417
3997
6547
8099
6291
3185
6790
7461
1193
7784
4011
757
400
2414
3262
3680
5085
3848
1530
5491
4649
1389
2780
7752
3501
7244
7238
7618
5279
7043
3443
4700
4978
6
6653
4930
2851
6211
6888
3143
2085
4844
6592
5344
6691
5067
8308
4920
2041
5143
5409
1146
7066
5967
3228
27
7144
727
4173
3114
6311
1894
8379
7149
5139
5663
7119
1776
626
4349
2925
4279
1889
452
5425
6548
8346
5753
4573
1137
4564
5378
6528
3164
387
3652
3728
5000
5728
7541
3269
3644
7711
634
6267
1771
2608
8659
4065
6745
5442
2938
406
6755
2900
2662
3878
2532
8554
5794
1684
4088
3441
5862
653
5974
5050
685
2088
7041
2426
6049
590
2442
1232
8636
158
7007
7239
2647
4291
2143
5464
58
722
4533
8581
1512
832
4114
8004
8280
4325
3335
5617
3450
4616
4462
2546
1753
1891
8731
2200
1697
4905
128
4956
7179
2584
4669
6054
4002
1127
5718
2170
8544
8288
3492
1200
1638
7508
152
1188
5180
7491
4915
2144
6484
4351
3910
5147
3346
4272
5183
6868
1343
651
4033
1964
6615
3853
1113
1122
3044
1312
8320
931
2579
8238
7811
821
936
5138
998
958
3566
4861
3111
2536
7973
6930
4673
7454
4345
6396
35
6209
2697
960
6570
3502
7886
7956
6658
2724
3872
1528
241
828
1604
7260
1235
4092
7579
4563
3006
8758
2296
7350
3116
3139
4073
1790
5559
6596
993
1612
887
7651
6735
6939
5804
7062
1588
1545
3119
6669
7749
3981
7744
2167
3510
7953
4562
3899
8423
1160
5413
514
1104
3750
964
1163
117
3608
3770
344
5539
1049
3681
4061
1982
7397
8479
7177
6118
6537
5107
3295
3470
6932
4342
2705
7787
2103
2060
1133
7962
1403
1290
3946
949
3923
5038
5947
1832
319
8005
5310
9
2646
6126
8669
3258
8648
4889
1743
8317
2927
8201
4315
53
7433
2591
7123
4808
1827
5573
4371
1876
188
4119
7668
6252
6304
1040
6916
2621
2504
1796
771
1489
8085
8348
2266
3593
5930
6543
7019
4304
4040
2287
4339
2340
7517
6482
8179
3483
5155
3456
1084
4386
6572
5168
525
3752
916
5313
3598
4422
6216
7573
2677
4010
2803
1169
4374
3432
5820
6065
2664
5977
7428
4554
6227
1654
3814
1307
4741
3733
750
1139
3150
5925
4803
1291
6201
2045
7527
711
4333
5635
5881
1584
6224
1519
1674
5514
3527
2547
4552
5574
6924
2615
106
4557
7359
3611
6873
3257
434
8279
3811
3582
1535
488
520
6912
1424
1679
2286
3657
4012
4506
409
1824
